695.00
45.00
0.00
0.00
0.00
0.00
100.00
100.00
6
02.png
field03.txt
614.00
45.00
0.00
0.00
0.00
0.00
100.00
100.00
6
02.png
field03.txt
862.00
46.00
0.00
0.00
0.00
0.00
100.00
100.00
6
02.png
field03.txt
778.00
46.00
0.00
0.00
0.00
0.00
100.00
100.00
6
02.png
field03.txt
1095.00
48.00
0.00
0.00
0.00
0.00
100.00
100.00
6
02.png
field03.txt
1008.00
50.00
0.00
0.00
0.00
0.00
100.00
100.00
6
02.png
field03.txt
942.00
50.00
0.00
0.00
0.00
0.00
100.00
100.00
6
02.png
field03.txt
199.00
50.00
0.00
0.00
0.00
0.00
100.00
100.00
6
02.png
field03.txt
285.00
50.00
0.00
0.00
0.00
0.00
100.00
100.00
6
02.png
field03.txt
530.00
50.00
0.00
0.00
0.00
0.00
100.00
100.00
6
02.png
field03.txt
447.00
51.00
0.00
0.00
0.00
0.00
100.00
100.00
6
02.png
field03.txt
368.00
52.00
0.00
0.00
0.00
0.00
100.00
100.00
6
02.png
field03.txt
76.00
70.00
0.00
0.00
0.00
0.00
150.00
150.00
9
Spawn.png
field03.txt
1204.00
78.00
0.00
0.00
0.00
0.00
150.00
150.00
9
Spawn.png
field03.txt
647.00
96.00
0.00
0.00
0.00
0.00
100.00
100.00
6
02.png
field03.txt
1087.00
99.00
0.00
0.00
0.00
0.00
100.00
100.00
6
02.png
field03.txt
201.00
109.00
0.00
0.00
0.00
0.00
100.00
100.00
6
02.png
field03.txt
1058.00
137.00
0.00
0.00
0.00
0.00
100.00
100.00
6
02.png
field03.txt
703.00
139.00
0.00
0.00
0.00
0.00
100.00
100.00
6
02.png
field03.txt
607.00
142.00
0.00
0.00
0.00
0.00
100.00
100.00
6
02.png
field03.txt
243.00
161.00
0.00
0.00
0.00
0.00
100.00
100.00
6
02.png
field03.txt
1020.00
176.00
0.00
0.00
0.00
0.00
100.00
100.00
6
02.png
field03.txt
568.00
191.00
0.00
0.00
0.00
0.00
100.00
100.00
6
02.png
field03.txt
747.00
192.00
0.00
0.00
0.00
0.00
100.00
100.00
6
02.png
field03.txt
978.00
219.00
0.00
0.00
0.00
0.00
100.00
100.00
6
02.png
field03.txt
270.00
219.00
0.00
0.00
0.00
0.00
100.00
100.00
6
02.png
field03.txt
527.00
234.00
0.00
0.00
0.00
0.00
100.00
100.00
6
02.png
field03.txt
790.00
246.00
0.00
0.00
0.00
0.00
100.00
100.00
6
02.png
field03.txt
940.00
268.00
0.00
0.00
0.00
0.00
100.00
100.00
6
02.png
field03.txt
310.00
268.00
0.00
0.00
0.00
0.00
100.00
100.00
6
02.png
field03.txt
492.00
277.00
0.00
0.00
0.00
0.00
100.00
100.00
6
02.png
field03.txt
829.00
296.00
0.00
0.00
0.00
0.00
100.00
100.00
6
02.png
field03.txt
898.00
318.00
0.00
0.00
0.00
0.00
100.00
100.00
6
02.png
field03.txt
354.00
322.00
0.00
0.00
0.00
0.00
100.00
100.00
6
02.png
field03.txt
450.00
324.00
0.00
0.00
0.00
0.00
100.00
100.00
6
02.png
field03.txt
640.00
360.00
0.00
0.00
0.00
0.00
100.00
100.00
6
03.png
field03.txt
403.00
369.00
0.00
0.00
0.00
0.00
100.00
100.00
6
02.png
field03.txt
867.00
369.00
0.00
0.00
0.00
0.00
100.00
100.00
6
02.png
field03.txt
827.00
414.00
0.00
0.00
0.00
0.00
100.00
100.00
6
02.png
field03.txt
362.00
417.00
0.00
0.00
0.00
0.00
100.00
100.00
6
02.png
field03.txt
915.00
419.00
0.00
0.00
0.00
0.00
100.00
100.00
6
02.png
field03.txt
448.00
419.00
0.00
0.00
0.00
0.00
100.00
100.00
6
02.png
field03.txt
799.00
464.00
0.00
0.00
0.00
0.00
100.00
100.00
6
02.png
field03.txt
320.00
466.00
0.00
0.00
0.00
0.00
100.00
100.00
6
02.png
field03.txt
471.00
468.00
0.00
0.00
0.00
0.00
100.00
100.00
6
02.png
field03.txt
952.00
471.00
0.00
0.00
0.00
0.00
100.00
100.00
6
02.png
field03.txt
278.00
510.00
0.00
0.00
0.00
0.00
100.00
100.00
6
02.png
field03.txt
497.00
514.00
0.00
0.00
0.00
0.00
100.00
100.00
6
02.png
field03.txt
768.00
515.00
0.00
0.00
0.00
0.00
100.00
100.00
6
02.png
field03.txt
994.00
525.00
0.00
0.00
0.00
0.00
100.00
100.00
6
02.png
field03.txt
527.00
559.00
0.00
0.00
0.00
0.00
100.00
100.00
6
02.png
field03.txt
241.00
561.00
0.00
0.00
0.00
0.00
100.00
100.00
6
02.png
field03.txt
740.00
567.00
0.00
0.00
0.00
0.00
100.00
100.00
6
02.png
field03.txt
1034.00
581.00
0.00
0.00
0.00
0.00
100.00
100.00
6
02.png
field03.txt
698.00
604.00
0.00
0.00
0.00
0.00
100.00
100.00
6
02.png
field03.txt
192.00
607.00
0.00
0.00
0.00
0.00
100.00
100.00
6
02.png
field03.txt
568.00
608.00
0.00
0.00
0.00
0.00
100.00
100.00
6
02.png
field03.txt
1080.00
631.00
0.00
0.00
0.00
0.00
100.00
100.00
6
02.png
field03.txt
624.00
633.00
0.00
0.00
0.00
0.00
100.00
100.00
6
02.png
field03.txt
76.00
640.00
0.00
0.00
0.00
0.00
150.00
150.00
9
Spawn.png
field03.txt
1204.00
640.00
0.00
0.00
0.00
0.00
150.00
150.00
9
Spawn.png
field03.txt
352.00
667.00
0.00
0.00
0.00
0.00
100.00
100.00
6
02.png
field03.txt
274.00
670.00
0.00
0.00
0.00
0.00
100.00
100.00
6
02.png
field03.txt
191.00
670.00
0.00
0.00
0.00
0.00
100.00
100.00
6
02.png
field03.txt
430.00
671.00
0.00
0.00
0.00
0.00
100.00
100.00
6
02.png
field03.txt
509.00
673.00
0.00
0.00
0.00
0.00
100.00
100.00
6
02.png
field03.txt
593.00
675.00
0.00
0.00
0.00
0.00
100.00
100.00
6
02.png
field03.txt
678.00
679.00
0.00
0.00
0.00
0.00
100.00
100.00
6
02.png
field03.txt
757.00
681.00
0.00
0.00
0.00
0.00
100.00
100.00
6
02.png
field03.txt
840.00
682.00
0.00
0.00
0.00
0.00
100.00
100.00
6
02.png
field03.txt
926.00
683.00
0.00
0.00
0.00
0.00
100.00
100.00
6
02.png
field03.txt
1000.00
684.00
0.00
0.00
0.00
0.00
100.00
100.00
6
02.png
field03.txt
1082.00
685.00
0.00
0.00
0.00
0.00
100.00
100.00
6
02.png
field03.txt
