621.00
357.00
0.00
0.00
0.00
0.00
100.00
100.00
8
02.png
field.txt
48.00
50.00
0.00
0.00
0.00
0.00
100.00
100.00
8
02.png
field.txt
145.00
90.00
0.00
0.00
0.00
0.00
100.00
100.00
8
02.png
field.txt
145.00
188.00
0.00
0.00
0.00
0.00
100.00
100.00
8
02.png
field.txt
145.00
285.00
0.00
0.00
0.00
0.00
100.00
100.00
8
02.png
field.txt
145.00
384.00
0.00
0.00
0.00
0.00
100.00
100.00
8
02.png
field.txt
145.00
482.00
0.00
0.00
0.00
0.00
100.00
100.00
8
02.png
field.txt
145.00
581.00
0.00
0.00
0.00
0.00
100.00
100.00
8
02.png
field.txt
48.00
672.00
0.00
0.00
0.00
0.00
100.00
100.00
8
02.png
field.txt
145.00
631.00
0.00
0.00
0.00
0.00
100.00
100.00
8
02.png
field.txt
243.00
673.00
0.00
0.00
0.00
0.00
100.00
100.00
8
02.png
field.txt
340.00
673.00
0.00
0.00
0.00
0.00
100.00
100.00
8
02.png
field.txt
439.00
673.00
0.00
0.00
0.00
0.00
100.00
100.00
8
02.png
field.txt
539.00
673.00
0.00
0.00
0.00
0.00
100.00
100.00
8
02.png
field.txt
639.00
673.00
0.00
0.00
0.00
0.00
100.00
100.00
8
02.png
field.txt
738.00
673.00
0.00
0.00
0.00
0.00
100.00
100.00
8
02.png
field.txt
837.00
673.00
0.00
0.00
0.00
0.00
100.00
100.00
8
02.png
field.txt
934.00
673.00
0.00
0.00
0.00
0.00
100.00
100.00
8
02.png
field.txt
1031.00
673.00
0.00
0.00
0.00
0.00
100.00
100.00
8
02.png
field.txt
1232.00
673.00
0.00
0.00
0.00
0.00
100.00
100.00
8
02.png
field.txt
1131.00
622.00
0.00
0.00
0.00
0.00
100.00
100.00
8
02.png
field.txt
1131.00
525.00
0.00
0.00
0.00
0.00
100.00
100.00
8
02.png
field.txt
1131.00
425.00
0.00
0.00
0.00
0.00
100.00
100.00
8
02.png
field.txt
1131.00
326.00
0.00
0.00
0.00
0.00
100.00
100.00
8
02.png
field.txt
1131.00
228.00
0.00
0.00
0.00
0.00
100.00
100.00
8
02.png
field.txt
1131.00
133.00
0.00
0.00
0.00
0.00
100.00
100.00
8
02.png
field.txt
1232.00
50.00
0.00
0.00
0.00
0.00
100.00
100.00
8
02.png
field.txt
1131.00
97.00
0.00
0.00
0.00
0.00
100.00
100.00
8
02.png
field.txt
1033.00
51.00
0.00
0.00
0.00
0.00
100.00
100.00
8
02.png
field.txt
934.00
51.00
0.00
0.00
0.00
0.00
100.00
100.00
8
02.png
field.txt
835.00
51.00
0.00
0.00
0.00
0.00
100.00
100.00
8
02.png
field.txt
735.00
51.00
0.00
0.00
0.00
0.00
100.00
100.00
8
02.png
field.txt
636.00
51.00
0.00
0.00
0.00
0.00
100.00
100.00
8
02.png
field.txt
537.00
51.00
0.00
0.00
0.00
0.00
100.00
100.00
8
02.png
field.txt
437.00
51.00
0.00
0.00
0.00
0.00
100.00
100.00
8
02.png
field.txt
337.00
51.00
0.00
0.00
0.00
0.00
100.00
100.00
8
02.png
field.txt
240.00
51.00
0.00
0.00
0.00
0.00
100.00
100.00
8
02.png
field.txt
332.00
218.00
0.00
0.00
0.00
0.00
100.00
100.00
8
02.png
field.txt
332.00
315.00
0.00
0.00
0.00
0.00
100.00
100.00
8
02.png
field.txt
332.00
413.00
0.00
0.00
0.00
0.00
100.00
100.00
8
02.png
field.txt
332.00
509.00
0.00
0.00
0.00
0.00
100.00
100.00
8
02.png
field.txt
429.00
509.00
0.00
0.00
0.00
0.00
100.00
100.00
8
02.png
field.txt
527.00
509.00
0.00
0.00
0.00
0.00
100.00
100.00
8
02.png
field.txt
622.00
509.00
0.00
0.00
0.00
0.00
100.00
100.00
8
02.png
field.txt
721.00
509.00
0.00
0.00
0.00
0.00
100.00
100.00
8
02.png
field.txt
821.00
509.00
0.00
0.00
0.00
0.00
100.00
100.00
8
02.png
field.txt
920.00
509.00
0.00
0.00
0.00
0.00
100.00
100.00
8
02.png
field.txt
920.00
409.00
0.00
0.00
0.00
0.00
100.00
100.00
8
02.png
field.txt
920.00
309.00
0.00
0.00
0.00
0.00
100.00
100.00
8
02.png
field.txt
920.00
213.00
0.00
0.00
0.00
0.00
100.00
100.00
8
02.png
field.txt
823.00
213.00
0.00
0.00
0.00
0.00
100.00
100.00
8
02.png
field.txt
724.00
213.00
0.00
0.00
0.00
0.00
100.00
100.00
8
02.png
field.txt
627.00
213.00
0.00
0.00
0.00
0.00
100.00
100.00
8
02.png
field.txt
529.00
213.00
0.00
0.00
0.00
0.00
100.00
100.00
8
02.png
field.txt
430.00
213.00
0.00
0.00
0.00
0.00
100.00
100.00
8
02.png
field.txt
