345.00
41.00
0.00
0.00
0.00
0.00
80.00
80.00
9
Spawn.png
field04.txt
425.00
42.00
0.00
0.00
0.00
0.00
85.00
80.00
9
Spawn.png
field04.txt
739.00
43.00
0.00
0.00
0.00
0.00
80.00
80.00
9
Spawn.png
field04.txt
1049.00
43.00
0.00
0.00
0.00
0.00
80.00
80.00
9
Spawn.png
field04.txt
896.00
43.00
0.00
0.00
0.00
0.00
80.00
80.00
9
Spawn.png
field04.txt
973.00
43.00
0.00
0.00
0.00
0.00
80.00
80.00
9
Spawn.png
field04.txt
264.00
44.00
0.00
0.00
0.00
0.00
80.00
80.00
9
Spawn.png
field04.txt
816.00
44.00
0.00
0.00
0.00
0.00
80.00
80.00
9
Spawn.png
field04.txt
583.00
44.00
0.00
0.00
0.00
0.00
80.00
80.00
9
Spawn.png
field04.txt
507.00
44.00
0.00
0.00
0.00
0.00
80.00
80.00
9
Spawn.png
field04.txt
658.00
45.00
0.00
0.00
0.00
0.00
80.00
80.00
9
Spawn.png
field04.txt
88.00
74.00
0.00
0.00
0.00
0.00
184.00
150.00
9
Spawn.png
field04.txt
1220.00
78.00
0.00
0.00
0.00
0.00
170.00
150.00
9
Spawn.png
field04.txt
264.00
110.00
0.00
0.00
0.00
0.00
80.00
80.00
9
Spawn.png
field04.txt
345.00
110.00
0.00
0.00
0.00
0.00
80.00
80.00
9
Spawn.png
field04.txt
424.00
111.00
0.00
0.00
0.00
0.00
80.00
80.00
9
Spawn.png
field04.txt
504.00
111.00
0.00
0.00
0.00
0.00
80.00
80.00
9
Spawn.png
field04.txt
584.00
111.00
0.00
0.00
0.00
0.00
80.00
80.00
9
Spawn.png
field04.txt
662.00
111.00
0.00
0.00
0.00
0.00
80.00
80.00
9
Spawn.png
field04.txt
740.00
111.00
0.00
0.00
0.00
0.00
80.00
80.00
9
Spawn.png
field04.txt
817.00
111.00
0.00
0.00
0.00
0.00
80.00
80.00
9
Spawn.png
field04.txt
897.00
111.00
0.00
0.00
0.00
0.00
80.00
80.00
9
Spawn.png
field04.txt
974.00
111.00
0.00
0.00
0.00
0.00
80.00
80.00
9
Spawn.png
field04.txt
1052.00
111.00
0.00
0.00
0.00
0.00
80.00
80.00
9
Spawn.png
field04.txt
264.00
172.00
0.00
0.00
0.00
0.00
80.00
80.00
9
Spawn.png
field04.txt
584.00
173.00
0.00
0.00
0.00
0.00
80.00
80.00
9
Spawn.png
field04.txt
345.00
175.00
0.00
0.00
0.00
0.00
80.00
80.00
9
Spawn.png
field04.txt
504.00
176.00
0.00
0.00
0.00
0.00
80.00
80.00
9
Spawn.png
field04.txt
1054.00
178.00
0.00
0.00
0.00
0.00
80.00
80.00
9
Spawn.png
field04.txt
974.00
179.00
0.00
0.00
0.00
0.00
80.00
80.00
9
Spawn.png
field04.txt
896.00
179.00
0.00
0.00
0.00
0.00
80.00
80.00
9
Spawn.png
field04.txt
817.00
179.00
0.00
0.00
0.00
0.00
80.00
80.00
9
Spawn.png
field04.txt
738.00
179.00
0.00
0.00
0.00
0.00
80.00
80.00
9
Spawn.png
field04.txt
663.00
179.00
0.00
0.00
0.00
0.00
80.00
80.00
9
Spawn.png
field04.txt
424.00
180.00
0.00
0.00
0.00
0.00
80.00
80.00
9
Spawn.png
field04.txt
345.00
240.00
0.00
0.00
0.00
0.00
80.00
80.00
9
Spawn.png
field04.txt
263.00
240.00
0.00
0.00
0.00
0.00
80.00
80.00
9
Spawn.png
field04.txt
584.00
241.00
0.00
0.00
0.00
0.00
80.00
80.00
9
Spawn.png
field04.txt
424.00
243.00
0.00
0.00
0.00
0.00
80.00
80.00
9
Spawn.png
field04.txt
1054.00
244.00
0.00
0.00
0.00
0.00
80.00
80.00
9
Spawn.png
field04.txt
504.00
244.00
0.00
0.00
0.00
0.00
80.00
80.00
9
Spawn.png
field04.txt
663.00
244.00
0.00
0.00
0.00
0.00
80.00
80.00
9
Spawn.png
field04.txt
744.00
244.00
0.00
0.00
0.00
0.00
80.00
80.00
9
Spawn.png
field04.txt
821.00
244.00
0.00
0.00
0.00
0.00
80.00
80.00
9
Spawn.png
field04.txt
899.00
244.00
0.00
0.00
0.00
0.00
80.00
80.00
9
Spawn.png
field04.txt
975.00
244.00
0.00
0.00
0.00
0.00
80.00
80.00
9
Spawn.png
field04.txt
120.00
251.00
0.00
0.00
0.00
0.00
80.00
80.00
9
Spawn.png
field04.txt
40.00
251.00
0.00
0.00
0.00
0.00
80.00
80.00
9
Spawn.png
field04.txt
200.00
251.00
0.00
0.00
0.00
0.00
80.00
80.00
9
Spawn.png
field04.txt
1132.00
259.00
0.00
0.00
0.00
0.00
80.00
80.00
9
Spawn.png
field04.txt
1212.00
259.00
0.00
0.00
0.00
0.00
80.00
80.00
9
Spawn.png
field04.txt
1289.00
259.00
0.00
0.00
0.00
0.00
80.00
80.00
9
Spawn.png
field04.txt
345.00
306.00
0.00
0.00
0.00
0.00
80.00
80.00
9
Spawn.png
field04.txt
584.00
307.00
0.00
0.00
0.00
0.00
80.00
80.00
9
Spawn.png
field04.txt
265.00
307.00
0.00
0.00
0.00
0.00
80.00
80.00
9
Spawn.png
field04.txt
424.00
310.00
0.00
0.00
0.00
0.00
80.00
80.00
9
Spawn.png
field04.txt
504.00
310.00
0.00
0.00
0.00
0.00
80.00
80.00
9
Spawn.png
field04.txt
975.00
310.00
0.00
0.00
0.00
0.00
80.00
80.00
9
Spawn.png
field04.txt
894.00
310.00
0.00
0.00
0.00
0.00
80.00
80.00
9
Spawn.png
field04.txt
816.00
310.00
0.00
0.00
0.00
0.00
80.00
80.00
9
Spawn.png
field04.txt
743.00
310.00
0.00
0.00
0.00
0.00
80.00
80.00
9
Spawn.png
field04.txt
663.00
310.00
0.00
0.00
0.00
0.00
80.00
80.00
9
Spawn.png
field04.txt
1054.00
311.00
0.00
0.00
0.00
0.00
80.00
80.00
9
Spawn.png
field04.txt
41.00
319.00
0.00
0.00
0.00
0.00
80.00
80.00
9
Spawn.png
field04.txt
120.00
319.00
0.00
0.00
0.00
0.00
80.00
80.00
9
Spawn.png
field04.txt
200.00
319.00
0.00
0.00
0.00
0.00
80.00
80.00
9
Spawn.png
field04.txt
1288.00
325.00
0.00
0.00
0.00
0.00
80.00
80.00
9
Spawn.png
field04.txt
1211.00
325.00
0.00
0.00
0.00
0.00
80.00
80.00
9
Spawn.png
field04.txt
1134.00
326.00
0.00
0.00
0.00
0.00
80.00
80.00
9
Spawn.png
field04.txt
345.00
373.00
0.00
0.00
0.00
0.00
80.00
80.00
9
Spawn.png
field04.txt
266.00
374.00
0.00
0.00
0.00
0.00
80.00
80.00
9
Spawn.png
field04.txt
584.00
376.00
0.00
0.00
0.00
0.00
80.00
80.00
9
Spawn.png
field04.txt
663.00
376.00
0.00
0.00
0.00
0.00
80.00
80.00
9
Spawn.png
field04.txt
424.00
377.00
0.00
0.00
0.00
0.00
80.00
80.00
9
Spawn.png
field04.txt
504.00
377.00
0.00
0.00
0.00
0.00
80.00
80.00
9
Spawn.png
field04.txt
741.00
377.00
0.00
0.00
0.00
0.00
80.00
80.00
9
Spawn.png
field04.txt
819.00
377.00
0.00
0.00
0.00
0.00
80.00
80.00
9
Spawn.png
field04.txt
898.00
377.00
0.00
0.00
0.00
0.00
80.00
80.00
9
Spawn.png
field04.txt
977.00
377.00
0.00
0.00
0.00
0.00
80.00
80.00
9
Spawn.png
field04.txt
1056.00
379.00
0.00
0.00
0.00
0.00
80.00
80.00
9
Spawn.png
field04.txt
40.00
386.00
0.00
0.00
0.00
0.00
80.00
80.00
9
Spawn.png
field04.txt
119.00
386.00
0.00
0.00
0.00
0.00
80.00
80.00
9
Spawn.png
field04.txt
199.00
387.00
0.00
0.00
0.00
0.00
80.00
80.00
9
Spawn.png
field04.txt
1211.00
390.00
0.00
0.00
0.00
0.00
80.00
80.00
9
Spawn.png
field04.txt
1291.00
390.00
0.00
0.00
0.00
0.00
80.00
80.00
9
Spawn.png
field04.txt
1132.00
392.00
0.00
0.00
0.00
0.00
80.00
80.00
9
Spawn.png
field04.txt
741.00
441.00
0.00
0.00
0.00
0.00
80.00
80.00
9
Spawn.png
field04.txt
345.00
442.00
0.00
0.00
0.00
0.00
80.00
80.00
9
Spawn.png
field04.txt
424.00
442.00
0.00
0.00
0.00
0.00
80.00
80.00
9
Spawn.png
field04.txt
1054.00
443.00
0.00
0.00
0.00
0.00
80.00
80.00
9
Spawn.png
field04.txt
584.00
443.00
0.00
0.00
0.00
0.00
80.00
80.00
9
Spawn.png
field04.txt
663.00
443.00
0.00
0.00
0.00
0.00
80.00
80.00
9
Spawn.png
field04.txt
504.00
444.00
0.00
0.00
0.00
0.00
80.00
80.00
9
Spawn.png
field04.txt
977.00
444.00
0.00
0.00
0.00
0.00
80.00
80.00
9
Spawn.png
field04.txt
821.00
444.00
0.00
0.00
0.00
0.00
80.00
80.00
9
Spawn.png
field04.txt
899.00
444.00
0.00
0.00
0.00
0.00
80.00
80.00
9
Spawn.png
field04.txt
264.00
445.00
0.00
0.00
0.00
0.00
80.00
80.00
9
Spawn.png
field04.txt
120.00
452.00
0.00
0.00
0.00
0.00
80.00
80.00
9
Spawn.png
field04.txt
41.00
453.00
0.00
0.00
0.00
0.00
80.00
80.00
9
Spawn.png
field04.txt
200.00
454.00
0.00
0.00
0.00
0.00
80.00
80.00
9
Spawn.png
field04.txt
1214.00
458.00
0.00
0.00
0.00
0.00
80.00
80.00
9
Spawn.png
field04.txt
1134.00
459.00
0.00
0.00
0.00
0.00
80.00
80.00
9
Spawn.png
field04.txt
1292.00
459.00
0.00
0.00
0.00
0.00
80.00
80.00
9
Spawn.png
field04.txt
741.00
507.00
0.00
0.00
0.00
0.00
80.00
80.00
9
Spawn.png
field04.txt
1054.00
510.00
0.00
0.00
0.00
0.00
80.00
80.00
9
Spawn.png
field04.txt
264.00
510.00
0.00
0.00
0.00
0.00
80.00
80.00
9
Spawn.png
field04.txt
424.00
510.00
0.00
0.00
0.00
0.00
80.00
80.00
9
Spawn.png
field04.txt
584.00
510.00
0.00
0.00
0.00
0.00
80.00
80.00
9
Spawn.png
field04.txt
663.00
510.00
0.00
0.00
0.00
0.00
80.00
80.00
9
Spawn.png
field04.txt
345.00
511.00
0.00
0.00
0.00
0.00
80.00
80.00
9
Spawn.png
field04.txt
504.00
511.00
0.00
0.00
0.00
0.00
80.00
80.00
9
Spawn.png
field04.txt
977.00
511.00
0.00
0.00
0.00
0.00
80.00
80.00
9
Spawn.png
field04.txt
899.00
511.00
0.00
0.00
0.00
0.00
80.00
80.00
9
Spawn.png
field04.txt
821.00
512.00
0.00
0.00
0.00
0.00
80.00
80.00
9
Spawn.png
field04.txt
741.00
575.00
0.00
0.00
0.00
0.00
80.00
80.00
9
Spawn.png
field04.txt
584.00
576.00
0.00
0.00
0.00
0.00
80.00
80.00
9
Spawn.png
field04.txt
1054.00
577.00
0.00
0.00
0.00
0.00
80.00
80.00
9
Spawn.png
field04.txt
345.00
577.00
0.00
0.00
0.00
0.00
80.00
80.00
9
Spawn.png
field04.txt
424.00
577.00
0.00
0.00
0.00
0.00
80.00
80.00
9
Spawn.png
field04.txt
663.00
577.00
0.00
0.00
0.00
0.00
80.00
80.00
9
Spawn.png
field04.txt
977.00
577.00
0.00
0.00
0.00
0.00
80.00
80.00
9
Spawn.png
field04.txt
899.00
577.00
0.00
0.00
0.00
0.00
80.00
80.00
9
Spawn.png
field04.txt
264.00
578.00
0.00
0.00
0.00
0.00
80.00
80.00
9
Spawn.png
field04.txt
504.00
578.00
0.00
0.00
0.00
0.00
80.00
80.00
9
Spawn.png
field04.txt
821.00
579.00
0.00
0.00
0.00
0.00
80.00
80.00
9
Spawn.png
field04.txt
90.00
641.00
0.00
0.00
0.00
0.00
181.00
150.00
9
Spawn.png
field04.txt
504.00
643.00
0.00
0.00
0.00
0.00
80.00
80.00
9
Spawn.png
field04.txt
584.00
643.00
0.00
0.00
0.00
0.00
80.00
80.00
9
Spawn.png
field04.txt
1221.00
644.00
0.00
0.00
0.00
0.00
172.00
150.00
9
Spawn.png
field04.txt
345.00
644.00
0.00
0.00
0.00
0.00
80.00
80.00
9
Spawn.png
field04.txt
424.00
644.00
0.00
0.00
0.00
0.00
80.00
80.00
9
Spawn.png
field04.txt
663.00
644.00
0.00
0.00
0.00
0.00
80.00
80.00
9
Spawn.png
field04.txt
741.00
644.00
0.00
0.00
0.00
0.00
80.00
80.00
9
Spawn.png
field04.txt
1054.00
645.00
0.00
0.00
0.00
0.00
80.00
80.00
9
Spawn.png
field04.txt
264.00
645.00
0.00
0.00
0.00
0.00
80.00
80.00
9
Spawn.png
field04.txt
977.00
646.00
0.00
0.00
0.00
0.00
80.00
80.00
9
Spawn.png
field04.txt
900.00
646.00
0.00
0.00
0.00
0.00
80.00
80.00
9
Spawn.png
field04.txt
821.00
646.00
0.00
0.00
0.00
0.00
80.00
80.00
9
Spawn.png
field04.txt
975.00
712.00
0.00
0.00
0.00
0.00
80.00
80.00
9
Spawn.png
field04.txt
739.00
712.00
0.00
0.00
0.00
0.00
80.00
80.00
9
Spawn.png
field04.txt
659.00
712.00
0.00
0.00
0.00
0.00
80.00
80.00
9
Spawn.png
field04.txt
580.00
712.00
0.00
0.00
0.00
0.00
80.00
80.00
9
Spawn.png
field04.txt
500.00
712.00
0.00
0.00
0.00
0.00
80.00
80.00
9
Spawn.png
field04.txt
421.00
712.00
0.00
0.00
0.00
0.00
80.00
80.00
9
Spawn.png
field04.txt
342.00
712.00
0.00
0.00
0.00
0.00
80.00
80.00
9
Spawn.png
field04.txt
264.00
712.00
0.00
0.00
0.00
0.00
80.00
80.00
9
Spawn.png
field04.txt
816.00
713.00
0.00
0.00
0.00
0.00
80.00
80.00
9
Spawn.png
field04.txt
1054.00
713.00
0.00
0.00
0.00
0.00
80.00
80.00
9
Spawn.png
field04.txt
895.00
713.00
0.00
0.00
0.00
0.00
80.00
80.00
9
Spawn.png
field04.txt
