74.00
73.00
0.00
0.00
0.00
0.00
150.00
150.00
9
Spawn.png
field02.txt
1203.00
78.00
0.00
0.00
0.00
0.00
150.00
150.00
9
Spawn.png
field02.txt
1079.00
127.00
0.00
0.00
0.00
0.00
100.00
100.00
6
02.png
field02.txt
195.00
137.00
0.00
0.00
0.00
0.00
100.00
100.00
6
02.png
field02.txt
985.00
139.00
0.00
0.00
0.00
0.00
100.00
100.00
6
02.png
field02.txt
282.00
146.00
0.00
0.00
0.00
0.00
100.00
100.00
6
02.png
field02.txt
903.00
158.00
0.00
0.00
0.00
0.00
100.00
100.00
6
02.png
field02.txt
362.00
168.00
0.00
0.00
0.00
0.00
100.00
100.00
6
02.png
field02.txt
131.00
172.00
0.00
0.00
0.00
0.00
100.00
100.00
6
02.png
field02.txt
1141.00
172.00
0.00
0.00
0.00
0.00
100.00
100.00
6
02.png
field02.txt
831.00
190.00
0.00
0.00
0.00
0.00
100.00
100.00
6
02.png
field02.txt
444.00
193.00
0.00
0.00
0.00
0.00
100.00
100.00
6
02.png
field02.txt
1070.00
206.00
0.00
0.00
0.00
0.00
100.00
100.00
6
02.png
field02.txt
186.00
223.00
0.00
0.00
0.00
0.00
100.00
100.00
6
02.png
field02.txt
523.00
223.00
0.00
0.00
0.00
0.00
100.00
100.00
6
02.png
field02.txt
761.00
224.00
0.00
0.00
0.00
0.00
100.00
100.00
6
02.png
field02.txt
1003.00
242.00
0.00
0.00
0.00
0.00
100.00
100.00
6
02.png
field02.txt
606.00
250.00
0.00
0.00
0.00
0.00
100.00
100.00
6
02.png
field02.txt
693.00
252.00
0.00
0.00
0.00
0.00
100.00
100.00
6
02.png
field02.txt
256.00
260.00
0.00
0.00
0.00
0.00
100.00
100.00
6
02.png
field02.txt
930.00
276.00
0.00
0.00
0.00
0.00
100.00
100.00
6
02.png
field02.txt
332.00
288.00
0.00
0.00
0.00
0.00
100.00
100.00
6
02.png
field02.txt
861.00
311.00
0.00
0.00
0.00
0.00
100.00
100.00
6
02.png
field02.txt
409.00
313.00
0.00
0.00
0.00
0.00
100.00
100.00
6
02.png
field02.txt
490.00
337.00
0.00
0.00
0.00
0.00
100.00
100.00
6
02.png
field02.txt
798.00
344.00
0.00
0.00
0.00
0.00
100.00
100.00
6
02.png
field02.txt
640.00
360.00
0.00
0.00
0.00
0.00
100.00
100.00
6
03.png
field02.txt
489.00
395.00
0.00
0.00
0.00
0.00
100.00
100.00
6
02.png
field02.txt
795.00
404.00
0.00
0.00
0.00
0.00
100.00
100.00
6
02.png
field02.txt
410.00
423.00
0.00
0.00
0.00
0.00
100.00
100.00
6
02.png
field02.txt
875.00
429.00
0.00
0.00
0.00
0.00
100.00
100.00
6
02.png
field02.txt
956.00
454.00
0.00
0.00
0.00
0.00
100.00
100.00
6
02.png
field02.txt
334.00
455.00
0.00
0.00
0.00
0.00
100.00
100.00
6
02.png
field02.txt
1035.00
481.00
0.00
0.00
0.00
0.00
100.00
100.00
6
02.png
field02.txt
582.00
488.00
0.00
0.00
0.00
0.00
100.00
100.00
6
02.png
field02.txt
265.00
491.00
0.00
0.00
0.00
0.00
100.00
100.00
6
02.png
field02.txt
677.00
492.00
0.00
0.00
0.00
0.00
100.00
100.00
6
02.png
field02.txt
1117.00
508.00
0.00
0.00
0.00
0.00
100.00
100.00
6
02.png
field02.txt
507.00
520.00
0.00
0.00
0.00
0.00
100.00
100.00
6
02.png
field02.txt
753.00
521.00
0.00
0.00
0.00
0.00
100.00
100.00
6
02.png
field02.txt
207.00
530.00
0.00
0.00
0.00
0.00
100.00
100.00
6
02.png
field02.txt
832.00
540.00
0.00
0.00
0.00
0.00
100.00
100.00
6
02.png
field02.txt
432.00
551.00
0.00
0.00
0.00
0.00
100.00
100.00
6
02.png
field02.txt
1138.00
560.00
0.00
0.00
0.00
0.00
100.00
100.00
6
02.png
field02.txt
915.00
562.00
0.00
0.00
0.00
0.00
100.00
100.00
6
02.png
field02.txt
163.00
570.00
0.00
0.00
0.00
0.00
100.00
100.00
6
02.png
field02.txt
361.00
584.00
0.00
0.00
0.00
0.00
100.00
100.00
6
02.png
field02.txt
997.00
588.00
0.00
0.00
0.00
0.00
100.00
100.00
6
02.png
field02.txt
1083.00
608.00
0.00
0.00
0.00
0.00
100.00
100.00
6
02.png
field02.txt
279.00
612.00
0.00
0.00
0.00
0.00
100.00
100.00
6
02.png
field02.txt
189.00
629.00
0.00
0.00
0.00
0.00
100.00
100.00
6
02.png
field02.txt
74.00
639.00
0.00
0.00
0.00
0.00
150.00
150.00
9
Spawn.png
field02.txt
1204.00
639.00
0.00
0.00
0.00
0.00
150.00
150.00
9
Spawn.png
field02.txt
